DeJong
Generation: 0
3.69126 3.32073 4.3271 3.94235 3.46141 2.47809 2.88408 4.53711 2.36126 0.917842 
Generation: 1
3.32073 4.53711 2.54903 3.98543 3.08066 5.01564 1.15651 2.6877 2.33361 0.935877 
Generation: 2
5.70819 1.84846 1.04188 4.40545 1.79936 3.78544 1.13406 4.14654 2.44202 1.32123 
Generation: 3
4.53711 5.21503 2.54442 1.1511 1.51501 2.6903 1.52002 3.84536 1.32123 1.32123 
Generation: 4
5.70819 2.95642 1.2058 5.59016 2.88288 3.23156 5.41763 2.45244 1.32123 1.32123 
Generation: 5
5.91079 5.21503 2.95642 1.32123 2.88288 5.59016 1.32123 2.95642 1.32123 1.32123 
Generation: 6
3.19048 4.52248 4.43851 1.39237 2.88288 5.21503 3.71851 1.8719 1.32123 1.32123 
Generation: 7
2.76625 5.91079 2.21257 3.33616 2.65704 4.2283 3.27605 2.11879 1.32123 1.32123 
Generation: 8
4.24113 4.52248 5.84045 1.29538 2.65704 2.21257 4.40385 2.21257 1.32123 1.32123 
Generation: 9
4.40385 4.24113 3.94675 1.58835 4.76956 3.54838 4.52248 1.32123 1.32123 1.32123 
