Schwefel
Generation: 0
-3068.44 -2511.92 -2058.65 -2559.07 -2546.51 -2275.58 -2825.08 -2322.24 -2924.36 -2055 
Generation: 1
-2703.9 -2986.55 -2500.23 -2054.5 -2488.47 -2372.92 -2557.29 -2005.6 -2055 -2055 
Generation: 2
-2765.5 -2204.3 -2529.12 -2442.95 -2478.73 -2322.04 -2055 -2986.55 -2055 -2055 
Generation: 3
-2063.18 -2208.84 -2237.45 -2379.21 -2529.12 -2322.04 -2055 -2204.3 -2055 -2055 
Generation: 4
-2055 -2208.84 -2237.45 -2055 -1945.05 -2756.13 -2055 -2208.84 -2055 -2055 
Generation: 5
-2055 -2208.84 -2002.17 -2132.8 -2185.14 -2650.46 -2055 -2208.84 -2055 -2055 
Generation: 6
-2055 -2208.84 -2002.17 -2055 -2650.99 -2080.7 -2055 -2208.84 -2055 -2055 
Generation: 7
-2055 -2208.84 -2002.17 -2055 -2132.8 -2002.9 -2055 -2208.84 -2055 -2055 
Generation: 8
-2055 -2208.84 -2002.17 -2055 -2055 -2002.9 -2055 -2208.84 -2055 -2055 
Generation: 9
-2055 -2208.84 -2002.17 -2055 -2055 -2002.9 -2055 -2208.84 -2055 -2055 
