Six_Hump
Generation: 0
-25.599 -28.084 -27.5956 -28.084 -25.599 -9.35 -28.1225 -25.599 -12.1225 -12.1223 -28.1223 -28.1225 -12.1223 -12.1225 -9.59902 -28.1223 -12.1225 -27.5956 -12.1225 -12.1225 -28.1225 -28.1223 -28.1223 -28.084 -12.1225 -28.084 -25.599 -25.599 -12.084 -25.599 
Generation: 1
-28.084 -28.084 -28.1225 -12.1225 -12.1225 -25.599 -28.1225 -25.599 -25.599 -25.599 -25.599 -28.1223 -28.084 -27.5956 -25.599 -25.599 -28.1225 -27.5956 -28.1223 -25.599 -28.084 -28.1223 -28.1223 -9.35 -28.1223 -28.1225 -28.1225 -9.59902 -25.599 -25.599 
Generation: 2
-9.59902 -12.1225 -25.599 -25.599 -28.1225 -25.599 -25.599 -28.1225 -25.599 -25.599 -25.599 -28.1223 -28.1223 -9.59902 -28.084 -25.599 -28.1223 -28.1225 -25.599 -28.1225 -9.59902 -28.1223 -28.084 -28.1225 -28.1223 -25.599 -28.084 -25.599 -25.599 -25.599 
Generation: 3
-28.1225 -28.084 -28.1225 -25.599 -28.1223 -25.599 -25.599 -25.599 -25.599 -25.599 -28.084 -25.599 -28.1223 -28.1225 -28.1225 -12.1225 -28.1225 -28.1225 -28.084 -25.599 -28.1223 -28.1223 -28.1223 -28.1225 -28.084 -28.1223 -28.084 -28.084 -25.599 -25.599 
Generation: 4
-28.1223 -25.599 -28.1223 -25.599 -28.1225 -28.1223 -25.599 -25.599 -25.599 -25.599 -25.599 -28.1223 -25.599 -28.084 -25.599 -28.1225 -25.599 -25.599 -28.1225 -28.084 -28.084 -28.084 -25.599 -28.1223 -28.1223 -28.1223 -28.1223 -28.1225 -25.599 -25.599 
Generation: 5
-28.1223 -28.1225 -25.599 -25.599 -28.1225 -25.599 -25.599 -28.1223 -28.1223 -25.599 -25.599 -28.084 -28.1223 -25.599 -28.1225 -25.599 -28.084 -25.599 -28.1225 -28.1223 -28.1223 -28.1223 -28.084 -25.599 -25.599 -25.599 -28.1225 -25.599 -25.599 -28.1225 
Generation: 6
-28.1223 -28.1225 -25.599 -28.1225 -28.084 -25.599 -28.1225 -25.599 -28.1225 -28.1225 -28.1225 -28.1223 -25.599 -25.599 -28.1223 -28.1223 -28.1223 -25.599 -25.599 -28.1225 -25.599 -25.599 -28.1225 -25.599 -28.084 -28.084 -28.1225 -28.1225 -25.599 -25.599 
Generation: 7
-28.084 -28.084 -28.1225 -25.599 -28.1223 -28.1225 -25.599 -25.599 -25.599 -25.599 -25.599 -25.599 -25.599 -28.1225 -25.599 -28.1225 -28.1225 -28.1225 -28.1223 -28.1225 -28.1225 -25.599 -25.599 -28.1225 -28.1223 -28.1225 -25.599 -28.1225 -28.1225 -25.599 
Generation: 8
-28.1225 -12.1223 -25.599 -25.599 -28.1225 -25.599 -25.599 -28.1225 -28.1225 -25.599 -25.599 -25.599 -28.1225 -25.599 -25.599 -25.599 -28.1225 -25.599 -28.1225 -25.599 -25.599 -28.1225 -28.1225 -25.599 -25.599 -25.599 -25.599 -28.1225 -25.599 -28.1225 
Generation: 9
-25.599 -28.1225 -28.1225 -28.1225 -28.1225 -25.599 -28.1225 -25.599 -28.1225 -28.1225 -28.1225 -28.1225 -25.599 -25.599 -28.1225 -25.599 -25.599 -25.599 -25.599 -25.599 -25.599 -25.599 -25.599 -25.599 -28.1225 -28.1225 -28.1225 -25.599 -25.599 -25.599 
Generation: 10
-28.1225 -28.1225 -25.599 -28.1225 -25.599 -28.1225 -25.599 -25.599 -25.599 -25.599 -25.599 -25.599 -25.599 -28.1225 -28.1225 -25.599 -25.599 -11.5956 -28.1225 -28.1225 -28.1225 -25.599 -25.599 -28.1225 -25.599 -28.1225 -25.599 -25.599 -28.1225 -25.599 
Generation: 11
-28.1225 -28.1225 -25.599 -25.599 -25.599 -25.599 -25.599 -28.1225 -25.599 -25.599 -25.599 -25.599 -25.599 -28.1225 -28.1225 -25.599 -28.1225 -28.1225 -28.1225 -25.599 -25.599 -25.599 -28.1225 -25.599 -25.599 -25.599 -25.599 -28.1225 -25.599 -28.1225 
Generation: 12
-25.599 -25.599 -25.599 -28.1225 -28.1225 -25.599 -28.1225 -25.599 -28.1225 -28.1225 -28.1225 -25.599 -25.599 -25.599 -28.1225 -25.599 -25.599 -25.599 -25.599 -25.599 -25.599 -25.599 -25.599 -25.599 -28.1225 -25.599 -25.599 -28.1225 -25.599 -25.599 
Generation: 13
-25.599 -28.1225 -28.1225 -25.599 -25.599 -28.1225 -25.599 -25.599 -25.599 -25.599 -25.599 -25.599 -25.599 -28.1225 -25.599 -28.1225 -25.599 -28.1225 -28.1225 -25.599 -25.599 -28.1225 -25.599 -28.1225 -25.599 -25.599 -25.599 -28.1225 -28.1225 -25.599 
Generation: 14
-25.599 -25.599 -25.599 -25.599 -25.599 -25.599 -25.599 -28.1225 -28.1225 -25.599 -25.599 -28.1225 -28.1225 -25.599 -25.599 -25.599 -25.599 -25.599 -25.599 -28.1225 -25.599 -28.1225 -25.599 -25.599 -25.599 -25.599 -25.599 -25.599 -25.599 -28.1225 
Generation: 15
-25.599 -25.599 -28.1225 -25.599 -25.599 -25.599 -28.1225 -25.599 -28.1225 -28.1225 -28.1225 -28.1225 -25.599 -25.599 -25.599 -28.1225 -28.1225 -25.599 -25.599 -25.599 -25.599 -25.599 -25.599 -25.599 -25.599 -28.1225 -28.1225 -25.599 -25.599 -25.599 
Generation: 16
-28.1225 -25.599 -28.1225 -25.599 -28.1225 -28.1225 -25.599 -25.599 -25.599 -25.599 -25.599 -25.599 -25.599 -25.599 -25.599 -28.1225 -25.599 -25.599 -28.1225 -28.1225 -28.1225 -25.599 -25.599 -28.1225 -25.599 -28.1225 -25.599 -25.599 -28.1225 -25.599 
Generation: 17
-28.1225 -28.1225 -25.599 -25.599 -25.599 -25.599 -25.599 -28.1225 -28.1225 -25.599 -25.599 -25.599 -28.1225 -25.599 -28.1225 -25.599 -28.1225 -25.599 -28.1225 -25.599 -25.599 -28.1225 -28.1225 -25.599 -25.599 -25.599 -25.599 -25.599 -25.599 -28.1225 
Generation: 18
-25.599 -25.599 -25.599 -28.1225 -28.1225 -25.599 -28.1225 -25.599 -28.1225 -28.1225 -28.1225 -28.1225 -25.599 -25.599 -28.1225 -28.1225 -25.599 -25.599 -25.599 -25.599 -25.599 -25.599 -25.599 -25.599 -28.1225 -28.1225 -28.1225 -28.1225 -28.1225 -25.599 
Generation: 19
-28.1225 -28.1225 -28.1225 -25.599 -25.599 -28.1225 -25.599 -25.599 -28.1225 -25.599 -25.599 -25.599 -28.1225 -28.1225 -25.599 -28.1225 -25.599 -28.1225 -28.1225 -28.1225 -28.1225 -28.1225 -25.599 -28.1225 -25.599 -28.1225 -25.599 -28.1225 -28.1225 -25.599 
Generation: 20
-28.1225 -25.599 -25.599 -25.599 -25.599 -25.599 -25.599 -28.1225 -28.1225 -25.599 -25.599 -28.1225 -28.1225 -25.599 -28.1225 -28.1225 -28.1225 -25.599 -28.1225 -25.599 -25.599 -28.1225 -28.1225 -25.599 -25.599 -28.1225 -28.1225 -25.599 -25.599 -28.1225 
Generation: 21
-28.1225 -25.599 -25.599 -28.1225 -28.1225 -25.599 -28.1225 -25.599 -28.1225 -28.1225 -28.1225 -28.1225 -25.599 -25.599 -28.1225 -25.599 -25.599 -25.599 -28.1225 -28.1225 -28.1225 -25.599 -25.599 -25.599 -28.1225 -28.1225 -28.1225 -28.1225 -25.599 -25.599 
Generation: 22
-28.1225 -28.1225 -28.1225 -25.599 -25.599 -28.1225 -25.599 -25.599 -25.599 -25.599 -25.599 -25.599 -28.1225 -28.1225 -28.1225 -28.1225 -28.1225 -28.1225 -25.599 -28.1225 -28.1225 -28.1225 -28.1225 -28.1225 -25.599 -28.1225 -25.599 -28.1225 -28.1225 -25.599 
Generation: 23
-28.1225 -25.599 -25.599 -25.599 -28.1225 -25.599 -25.599 -28.1225 -28.1225 -25.599 -25.599 -28.1225 -28.1225 -25.599 -25.599 -28.1225 -28.1225 -25.599 -28.1225 -25.599 -25.599 -28.1225 -28.1225 -25.599 -28.1225 -28.1225 -28.1225 -28.1225 -25.599 -28.1225 
Generation: 24
-28.1225 -28.1225 -25.599 -28.1225 -28.1225 -25.599 -28.1225 -25.599 -28.1225 -28.1225 -28.1225 -28.1225 -28.1225 -25.599 -28.1225 -28.1225 -25.599 -25.599 -28.1225 -28.1225 -28.1225 -28.1225 -25.599 -25.599 -28.1225 -28.1225 -28.1225 -25.599 -25.599 -25.599 
Generation: 25
-28.1225 -28.1225 -28.1225 -25.599 -25.599 -28.1225 -25.599 -25.599 -25.599 -25.599 -25.599 -28.1225 -25.599 -28.1225 -28.1225 -28.1225 -28.1225 -28.1225 -28.1225 -28.1225 -28.1225 -12.1223 -28.1225 -28.1225 -25.599 -28.1225 -28.1225 -28.1225 -28.1225 -25.599 
Generation: 26
-28.1225 -25.599 -25.599 -25.599 -28.1225 -25.599 -25.599 -28.1225 -28.1225 -25.599 -12.1223 -25.599 -25.599 -25.599 -28.1225 -25.599 -28.1225 -25.599 -28.1225 -28.1225 -25.599 -25.599 -28.1225 -25.599 -28.1225 -25.599 -25.599 -28.1225 -25.599 -28.1225 
Generation: 27
-25.599 -28.1225 -25.599 -28.1225 -28.1225 -25.599 -28.1225 -25.599 -28.1225 -28.1225 -28.1225 -25.599 -28.1225 -25.599 -28.1225 -28.1225 -28.1225 -25.599 -25.599 -25.599 -25.599 -28.1225 -25.599 -25.599 -28.1225 -25.599 -25.599 -28.1225 -28.1225 -25.599 
Generation: 28
-25.599 -28.1225 -28.1225 -25.599 -28.1225 -28.1225 -12.1223 -25.599 -28.1225 -25.599 -25.599 -28.1225 -25.599 -28.1225 -25.599 -28.1225 -25.599 -28.1225 -28.1225 -25.599 -25.599 -28.1225 -25.599 -28.1225 -25.599 -25.599 -28.1225 -28.1225 -28.1225 -25.599 
Generation: 29
-25.599 -25.599 -25.599 -12.1223 -25.599 -25.599 -25.599 -28.1225 -25.599 -25.599 -25.599 -28.1225 -25.599 -25.599 -25.599 -25.599 -25.599 -25.599 -28.1225 -28.1225 -28.1225 -25.599 -12.1223 -25.599 -25.599 -25.599 -25.599 -25.599 -25.599 -28.1225 
Generation: 30
-25.599 -25.599 -28.1225 -28.1225 -25.599 -25.599 -28.1225 -25.599 -28.1225 -28.1225 -28.1225 -25.599 -12.1223 -25.599 -25.599 -25.599 -28.1225 -12.1223 -25.599 -25.599 -28.1225 -25.599 -28.1225 -25.599 -25.599 -25.599 -25.599 -25.599 -25.599 -25.599 
Generation: 31
-25.599 -28.1225 -28.1225 -25.599 -28.1225 -28.1225 -25.599 -25.599 -25.599 -25.599 -25.599 -25.599 -25.599 -28.1225 -25.599 -28.1225 -25.599 -28.1225 -25.599 -25.599 -28.1225 -25.599 -28.1225 -28.1225 -28.1225 -25.599 -25.599 -12.1223 -28.1225 -25.599 
Generation: 32
-28.1225 -25.599 -25.599 -25.599 -25.599 -25.599 -25.599 -28.1225 -25.599 -25.599 -25.599 -25.599 -28.1225 -25.599 -25.599 -25.599 -25.599 -25.599 -25.599 -25.599 -25.599 -28.1225 -28.1225 -25.599 -25.599 -25.599 -25.599 -25.599 -25.599 -28.1225 
Generation: 33
-25.599 -25.599 -25.599 -28.1225 -25.599 -25.599 -28.1225 -25.599 -28.1225 -28.1225 -28.1225 -28.1225 -25.599 -25.599 -28.1225 -25.599 -25.599 -25.599 -25.599 -25.599 -25.599 -25.599 -25.599 -25.599 -28.1225 -28.1225 -28.1225 -25.599 -25.599 -25.599 
Generation: 34
-28.1225 -25.599 -28.1225 -25.599 -25.599 -28.1225 -25.599 -25.599 -25.599 -25.599 -25.599 -25.599 -28.1225 -28.1225 -25.599 -28.1225 -25.599 -28.1225 -28.1225 -28.1225 -28.1225 -28.1225 -25.599 -28.1225 -25.599 -28.1225 -25.599 -28.1225 -28.1225 -25.599 
Generation: 35
-25.599 -28.1225 -25.599 -25.599 -25.599 -25.599 -25.599 -28.1225 -28.1225 -25.599 -25.599 -28.1225 -28.1225 -25.599 -28.1225 -25.599 -28.1225 -25.599 -28.1225 -25.599 -25.599 -28.1225 -28.1225 -25.599 -25.599 -28.1225 -28.1225 -25.599 -25.599 -28.1225 
Generation: 36
-28.1225 -25.599 -25.599 -28.1225 -28.1225 -25.599 -28.1225 -25.599 -28.1225 -28.1225 -28.1225 -28.1225 -25.599 -25.599 -25.599 -28.1225 -25.599 -25.599 -25.599 -28.1225 -28.1225 -25.599 -25.599 -25.599 -28.1225 -28.1225 -28.1225 -28.1225 -25.599 -25.599 
Generation: 37
-28.1225 -28.1225 -28.1225 -25.599 -25.599 -28.1225 -25.599 -25.599 -25.599 -25.599 -25.599 -25.599 -28.1225 -28.1225 -28.1225 -28.1225 -28.1225 -28.1225 -28.1225 -28.1225 -28.1225 -28.1225 -28.1225 -28.1225 -25.599 -28.1225 -25.599 -25.599 -28.1225 -25.599 
Generation: 38
-25.599 -25.599 -25.599 -25.599 -28.1225 -25.599 -25.599 -28.1225 -28.1225 -25.599 -25.599 -28.1225 -28.1225 -25.599 -28.1225 -25.599 -28.1225 -25.599 -28.1225 -25.599 -28.1225 -25.599 -28.1225 -25.599 -28.1225 -28.1225 -28.1225 -28.1225 -25.599 -28.1225 
Generation: 39
-28.1225 -28.1225 -25.599 -28.1225 -28.1225 -25.599 -28.1225 -25.599 -28.1225 -28.1225 -28.1225 -25.599 -28.1225 -25.599 -25.599 -25.599 -25.599 -25.599 -25.599 -11.5956 -28.1225 -28.1225 -28.1225 -25.599 -28.1225 -28.1225 -28.1225 -28.1225 -25.599 -25.599 
Generation: 40
-28.1225 -28.1225 -28.1225 -25.599 -25.599 -28.1225 -25.599 -25.599 -25.599 -25.599 -25.599 -28.1225 -28.1225 -28.1225 -28.1225 -28.1225 -25.599 -28.1225 -25.599 -28.1225 -28.1225 -28.1225 -28.1225 -28.1225 -28.1225 -25.599 -28.1225 -25.599 -28.1225 -25.599 
Generation: 41
-28.1225 -25.599 -25.599 -25.599 -25.599 -25.599 -25.599 -28.1225 -28.1225 -25.599 -25.599 -28.1225 -28.1225 -25.599 -28.1225 -25.599 -28.1225 -25.599 -28.1225 -28.1225 -28.1225 -28.1225 -28.1225 -25.599 -28.1225 -28.1225 -28.1225 -28.1225 -28.1225 -25.599 
Generation: 42
-28.1225 -25.599 -25.599 -25.599 -28.1225 -25.599 -25.599 -25.599 -25.599 -28.1225 -25.599 -28.1225 -28.1225 -25.599 -28.1225 -25.599 -28.1225 -25.599 -25.599 -28.1225 -28.1225 -28.1225 -28.1225 -25.599 -28.1225 -28.1225 -28.1225 -28.1225 -25.599 -25.599 
Generation: 43
-28.1225 -28.1225 -25.599 -25.599 -28.1225 -28.1225 -25.599 -25.599 -25.599 -25.599 -25.599 -28.1225 -28.1225 -25.599 -28.1225 -28.1225 -28.1225 -25.599 -25.599 -28.1225 -28.1225 -28.1225 -28.1225 -25.599 -28.1225 -28.1225 -28.1225 -28.1225 -28.1225 -25.599 
Generation: 44
-28.1225 -28.1225 -25.599 -25.599 -28.1225 -25.599 -25.599 -28.1225 -28.1225 -12.1223 -25.599 -28.1225 -28.1225 -25.599 -28.1225 -25.599 -28.1225 -25.599 -28.1225 -28.1225 -28.1225 -28.1225 -28.1225 -25.599 -28.1225 -28.1225 -28.1225 -28.1225 -25.599 -28.1225 
Generation: 45
-28.1225 -28.1225 -25.599 -28.1225 -28.1225 -12.1223 -28.1225 -25.599 -28.1225 -28.1225 -28.1225 -28.1225 -28.1225 -25.599 -28.1225 -28.1225 -28.1225 -25.599 -25.599 -28.1225 -28.1225 -28.1225 -28.1225 -25.599 -28.1225 -28.1225 -25.599 -28.1225 -28.1225 -25.599 
Generation: 46
-28.1225 -28.1225 -25.599 -25.599 -28.1225 -28.1225 -25.599 -28.1225 -28.1225 -25.599 -25.599 -28.1225 -28.1225 -28.1225 -28.1225 -28.1225 -28.1225 -28.1225 -28.1225 -25.599 -28.1225 -28.1225 -28.1225 -28.1225 -28.1225 -28.1225 -28.1225 -28.1225 -28.1225 -12.1223 
Generation: 47
-28.1225 -28.1225 -25.599 -28.1225 -28.1225 -25.599 -25.599 -11.5956 -11.5956 -25.599 -28.1225 -28.1225 -28.1225 -25.599 -28.1225 -28.1225 -25.599 -28.1225 -28.1225 -28.1225 -25.599 -28.1225 -28.1225 -25.599 -28.1225 -28.1225 -28.1225 -28.1225 -28.1225 -28.1225 
Generation: 48
-28.1225 -28.1225 -25.599 -28.1225 -28.1225 -28.1225 -28.1225 -25.599 -28.1225 -28.1225 -28.1225 -28.1225 -28.1225 -28.1225 -28.1225 -25.599 -28.1225 -28.1225 -28.1225 -28.1225 -28.1225 -28.1225 -25.599 -25.599 -28.1225 -28.1225 -25.599 -28.1225 -28.1225 -28.1225 
Generation: 49
-28.1225 -28.1225 -28.1225 -28.1225 -28.1225 -28.1225 -28.1225 -28.1225 -28.1225 -28.1225 -28.1225 -28.1225 -25.599 -28.1225 -28.1225 -28.1225 -28.1225 -28.1225 -25.599 -25.599 -28.1225 -25.599 -28.1225 -28.1225 -25.599 -28.1225 -28.1225 -28.1225 -28.1225 -28.1225 
Generation: 50
-28.1225 -28.1225 -28.1225 -28.1225 -28.1225 -28.1225 -28.1225 -28.1225 -28.1225 -28.1225 -28.1225 -25.599 -28.1225 -28.1225 -28.1225 -28.1225 -25.599 -28.1225 -28.1225 -28.1225 -28.1225 -28.1225 -28.1225 -28.1225 -28.1225 -28.1225 -25.599 -28.1225 -28.1225 -28.1225 
Generation: 51
-28.1225 -28.1225 -28.1225 -28.1225 -25.599 -28.1225 -28.1225 -28.1225 -28.1225 -28.1225 -28.1225 -28.1225 -28.1225 -28.1225 -28.1225 -28.1225 -28.1225 -28.1225 -28.1225 -25.599 -28.1225 -28.1225 -28.1225 -28.1225 -25.599 -28.1225 -28.1225 -28.1225 -28.1225 -28.1225 
Generation: 52
-28.1225 -25.599 -28.1225 -28.1225 -28.1225 -28.1225 -28.1225 -28.1225 -28.1225 -28.1225 -28.1225 -28.1225 -28.1225 -28.1225 -28.1225 -28.1225 -25.599 -28.1225 -28.1225 -28.1225 -28.1225 -28.1225 -28.1225 -28.1225 -28.1225 -28.1225 -28.1225 -28.1225 -28.1225 -28.1225 
Generation: 53
-28.1225 -28.1225 -28.1225 -28.1225 -25.599 -28.1225 -28.1225 -28.1225 -28.1225 -28.1225 -28.1225 -28.1225 -28.1225 -28.1225 -28.1225 -28.1225 -28.1225 -28.1225 -28.1225 -28.1225 -28.1225 -28.1225 -28.1225 -28.1225 -28.1225 -28.1225 -28.1225 -28.1225 -28.1225 -28.1225 
Generation: 54
-25.599 -28.1225 -28.1225 -28.1225 -28.1225 -28.1225 -28.1225 -28.1225 -28.1225 -28.1225 -28.1225 -28.1225 -28.1225 -28.1225 -28.1225 -28.1225 -28.1225 -28.1225 -28.1225 -28.1225 -28.1225 -28.1225 -28.1225 -28.1225 -28.1225 -28.1225 -28.1225 -28.1225 -28.1225 -28.1225 
Generation: 55
-28.1225 -28.1225 -28.1225 -28.1225 -28.1225 -28.1225 -28.1225 -28.1225 -28.1225 -28.1225 -28.1225 -28.1225 -28.1225 -28.1225 -25.599 -28.1225 -28.1225 -28.1225 -28.1225 -28.1225 -28.1225 -28.1225 -28.1225 -28.1225 -28.1225 -28.1225 -28.1225 -28.1225 -28.1225 -28.1225 
Generation: 56
-28.1225 -28.1225 -28.1225 -28.1225 -28.1225 -28.1225 -28.1225 -28.1225 -28.1225 -28.1225 -28.1225 -28.1225 -28.1225 -28.1225 -28.1225 -28.1225 -28.1225 -28.1225 -28.1225 -28.1225 -28.1225 -28.1225 -28.1225 -28.1225 -28.1225 -28.1225 -28.1225 -25.599 -28.1225 -28.1225 
Generation: 57
-28.1225 -28.1225 -28.1225 -28.1225 -28.1225 -28.1225 -28.1225 -28.1225 -28.1225 -28.1225 -28.1225 -28.1225 -28.1225 -28.1225 -28.1225 -28.1225 -28.1225 -28.1225 -28.1225 -28.1225 -28.1225 -28.1225 -28.1225 -28.1225 -28.1225 -28.1225 -28.1225 -28.1225 -28.1225 -28.1225 
Generation: 58
-28.1225 -28.1225 -28.1225 -28.1225 -28.1225 -28.1225 -28.1225 -28.1225 -28.1225 -28.1225 -28.1225 -28.1225 -28.1225 -28.1225 -28.1225 -28.1225 -28.1225 -28.1225 -28.1225 -28.1225 -28.1225 -28.1225 -28.1225 -28.1225 -28.1225 -28.1225 -28.1225 -28.1225 -28.1225 -28.1225 
Generation: 59
-28.1225 -28.1225 -28.1225 -28.1225 -28.1225 -28.1225 -28.1225 -28.1225 -28.1225 -28.1225 -28.1225 -28.1225 -28.1225 -28.1225 -28.1225 -28.1225 -28.1225 -28.1225 -28.1225 -28.1225 -28.1225 -28.1225 -28.1225 -28.1225 -28.1225 -28.1225 -28.1225 -28.1225 -28.1225 -28.1225 
Generation: 60
-28.1225 -28.1225 -28.1225 -28.1225 -28.1225 -28.1225 -28.1225 -28.1225 -28.1225 -28.1225 -28.1225 -28.1225 -28.1225 -28.1225 -28.1225 -28.1225 -28.1225 -28.1225 -28.1225 -28.1225 -28.1225 -28.1225 -28.1225 -28.1225 -28.1225 -28.1225 -28.1225 -28.1225 -28.1225 -28.1225 
Generation: 61
-28.1225 -28.1225 -28.1225 -28.1225 -28.1225 -28.1225 -28.1225 -28.1225 -28.1225 -28.1225 -28.1225 -28.1225 -28.1225 -28.1225 -28.1225 -28.1225 -28.1225 -28.1225 -28.1225 -28.1225 -28.1225 -28.1225 -28.1225 -28.1225 -28.1225 -28.1225 -28.1225 -28.1225 -28.1225 -28.1225 
Generation: 62
-28.1225 -28.1225 -28.1225 -28.1225 -28.1225 -28.1225 -28.1225 -28.1225 -28.1225 -28.1225 -28.1225 -28.1225 -28.1225 -28.1225 -28.1225 -28.1225 -28.1225 -28.1225 -28.1225 -28.1225 -28.1225 -28.1225 -28.1225 -28.1225 -28.1225 -28.1225 -28.1225 -28.1225 -28.1225 -28.1225 
Generation: 63
-28.1225 -28.1225 -28.1225 -28.1225 -28.1225 -28.1225 -28.1225 -28.1225 -28.1225 -28.1225 -28.1225 -28.1225 -28.1225 -28.1225 -28.1225 -28.1225 -28.1225 -28.1225 -28.1225 -28.1225 -28.1225 -28.1225 -28.1225 -28.1225 -28.1225 -28.1225 -28.1225 -28.1225 -28.1225 -28.1225 
Generation: 64
-28.1225 -28.1225 -28.1225 -28.1225 -28.1225 -28.1225 -28.1225 -28.1225 -28.1225 -28.1225 -28.1225 -28.1225 -28.1225 -28.1225 -28.1225 -28.1225 -28.1225 -28.1225 -28.1225 -28.1225 -28.1225 -28.1225 -28.1225 -28.1225 -28.1225 -28.1225 -28.1225 -28.1225 -28.1225 -28.1225 
Generation: 65
-28.1225 -28.1225 -28.1225 -28.1225 -28.1225 -28.1225 -28.1225 -28.1225 -28.1225 -28.1225 -28.1225 -28.1225 -28.1225 -28.1225 -28.1225 -28.1225 -28.1225 -28.1225 -28.1225 -28.1225 -28.1225 -28.1225 -28.1225 -28.1225 -28.1225 -28.1225 -28.1225 -28.1225 -28.1225 -28.1225 
Generation: 66
-28.1225 -28.1225 -28.1225 -28.1225 -28.1225 -28.1225 -28.1225 -28.1225 -28.1225 -28.1225 -28.1225 -28.1225 -28.1225 -28.1225 -28.1225 -28.1225 -28.1225 -28.1225 -28.1225 -28.1225 -28.1225 -28.1225 -28.1225 -28.1225 -28.1225 -28.1225 -28.1225 -28.1225 -28.1225 -28.1225 
Generation: 67
-28.1225 -28.1225 -28.1225 -28.1225 -28.1225 -28.1225 -28.1225 -28.1225 -28.1225 -28.1225 -28.1225 -28.1225 -28.1225 -28.1225 -28.1225 -28.1225 -28.1225 -28.1225 -28.1225 -28.1225 -28.1225 -28.1225 -28.1225 -28.1225 -28.1225 -28.1225 -28.1225 -28.1225 -28.1225 -28.1225 
Generation: 68
-28.1225 -28.1225 -28.1225 -28.1225 -28.1225 -28.1225 -28.1225 -28.1225 -28.1225 -28.1225 -28.1225 -28.1225 -28.1225 -28.1225 -28.1225 -28.1225 -28.1225 -28.1225 -28.1225 -28.1225 -28.1225 -28.1225 -28.1225 -28.1225 -28.1225 -28.1225 -28.1225 -28.1225 -28.1225 -28.1225 
Generation: 69
-28.1225 -28.1225 -28.1225 -28.1225 -28.1225 -28.1225 -28.1225 -28.1225 -28.1225 -28.1225 -28.1225 -28.1225 -28.1225 -28.1225 -28.1225 -28.1225 -28.1225 -28.1225 -28.1225 -28.1225 -28.1225 -28.1225 -28.1225 -28.1225 -28.1225 -28.1225 -28.1225 -28.1225 -28.1225 -28.1225 
Generation: 70
-28.1225 -28.1225 -28.1225 -28.1225 -28.1225 -28.1225 -28.1225 -28.1225 -28.1225 -28.1225 -28.1225 -28.1225 -28.1225 -28.1225 -28.1225 -28.1225 -28.1225 -28.1225 -28.1225 -28.1225 -28.1225 -28.1225 -28.1225 -28.1225 -28.1225 -28.1225 -28.1225 -28.1225 -28.1225 -28.1225 
Generation: 71
-28.1225 -28.1225 -28.1225 -28.1225 -28.1225 -28.1225 -28.1225 -28.1225 -28.1225 -28.1225 -28.1225 -28.1225 -28.1225 -28.1225 -28.1225 -28.1225 -28.1225 -28.1225 -28.1225 -28.1225 -28.1225 -28.1225 -28.1225 -28.1225 -28.1225 -28.1225 -28.1225 -28.1225 -28.1225 -28.1225 
Generation: 72
-28.1225 -28.1225 -28.1225 -28.1225 -28.1225 -28.1225 -28.1225 -28.1225 -28.1225 -28.1225 -28.1225 -28.1225 -28.1225 -28.1225 -28.1225 -28.1225 -28.1225 -28.1225 -28.1225 -28.1225 -28.1225 -28.1225 -28.1225 -28.1225 -28.1225 -28.1225 -28.1225 -28.1225 -28.1225 -28.1225 
Generation: 73
-28.1225 -28.1225 -28.1225 -28.1225 -28.1225 -28.1225 -28.1225 -28.1225 -28.1225 -28.1225 -28.1225 -28.1225 -28.1225 -28.1225 -28.1225 -28.1225 -28.1225 -28.1225 -28.1225 -28.1225 -28.1225 -28.1225 -28.1225 -28.1225 -28.1225 -28.1225 -28.1225 -28.1225 -28.1225 -28.1225 
Generation: 74
-28.1225 -28.1225 -28.1225 -28.1225 -28.1225 -28.1225 -28.1225 -28.1225 -28.1225 -28.1225 -28.1225 -28.1225 -28.1225 -28.1225 -28.1225 -28.1225 -28.1225 -28.1225 -28.1225 -28.1225 -28.1225 -28.1225 -28.1225 -28.1225 -28.1225 -28.1225 -28.1225 -28.1225 -28.1225 -28.1225 
Generation: 75
-28.1225 -28.1225 -28.1225 -28.1225 -28.1225 -28.1225 -28.1225 -28.1225 -28.1225 -28.1225 -28.1225 -28.1225 -28.1225 -28.1225 -28.1225 -28.1225 -28.1225 -28.1225 -28.1225 -28.1225 -28.1225 -28.1225 -28.1225 -28.1225 -28.1225 -28.1225 -28.1225 -28.1225 -28.1225 -28.1225 
Generation: 76
-28.1225 -28.1225 -28.1225 -28.1225 -28.1225 -28.1225 -28.1225 -28.1225 -28.1225 -28.1225 -28.1225 -28.1225 -28.1225 -28.1225 -28.1225 -28.1225 -28.1225 -28.1225 -28.1225 -28.1225 -28.1225 -28.1225 -28.1225 -28.1225 -28.1225 -28.1225 -28.1225 -28.1225 -28.1225 -28.1225 
Generation: 77
-28.1225 -28.1225 -28.1225 -28.1225 -28.1225 -28.1225 -28.1225 -28.1225 -28.1225 -28.1225 -28.1225 -28.1225 -28.1225 -28.1225 -28.1225 -28.1225 -28.1225 -28.1225 -28.1225 -28.1225 -28.1225 -28.1225 -28.1225 -28.1225 -28.1225 -28.1225 -28.1225 -28.1225 -28.1225 -28.1225 
Generation: 78
-28.1225 -28.1225 -28.1225 -28.1225 -28.1225 -28.1225 -28.1225 -28.1225 -28.1225 -28.1225 -28.1225 -28.1225 -28.1225 -28.1225 -28.1225 -28.1225 -28.1225 -28.1225 -28.1225 -28.1225 -28.1225 -28.1225 -28.1225 -28.1225 -28.1225 -28.1225 -28.1225 -28.1225 -28.1225 -28.1225 
Generation: 79
-28.1225 -28.1225 -28.1225 -28.1225 -28.1225 -28.1225 -28.1225 -28.1225 -28.1225 -28.1225 -28.1225 -28.1225 -28.1225 -28.1225 -28.1225 -28.1225 -28.1225 -28.1225 -28.1225 -28.1225 -28.1225 -28.1225 -28.1225 -28.1225 -28.1225 -28.1225 -28.1225 -28.1225 -28.1225 -28.1225 
Generation: 80
-28.1225 -28.1225 -28.1225 -28.1225 -28.1225 -28.1225 -28.1225 -28.1225 -28.1225 -28.1225 -28.1225 -28.1225 -28.1225 -28.1225 -28.1225 -28.1225 -28.1225 -28.1225 -28.1225 -28.1225 -28.1225 -28.1225 -28.1225 -28.1225 -28.1225 -28.1225 -28.1225 -28.1225 -28.1225 -28.1225 
Generation: 81
-28.1225 -28.1225 -28.1225 -28.1225 -28.1225 -28.1225 -28.1225 -28.1225 -28.1225 -28.1225 -28.1225 -28.1225 -28.1225 -28.1225 -28.1225 -28.1225 -28.1225 -28.1225 -28.1225 -28.1225 -28.1225 -28.1225 -28.1225 -28.1225 -28.1225 -28.1225 -28.1225 -28.1225 -28.1225 -28.1225 
Generation: 82
-28.1225 -28.1225 -28.1225 -28.1225 -28.1225 -28.1225 -28.1225 -28.1225 -28.1225 -28.1225 -28.1225 -28.1225 -28.1225 -28.1225 -28.1225 -28.1225 -28.1225 -28.1225 -28.1225 -28.1225 -28.1225 -28.1225 -28.1225 -28.1225 -28.1225 -28.1225 -28.1225 -28.1225 -28.1225 -28.1225 
Generation: 83
-28.1225 -28.1225 -28.1225 -28.1225 -28.1225 -28.1225 -28.1225 -28.1225 -28.1225 -28.1225 -28.1225 -28.1225 -28.1225 -28.1225 -28.1225 -28.1225 -28.1225 -28.1225 -28.1225 -28.1225 -28.1225 -28.1225 -28.1225 -28.1225 -28.1225 -28.1225 -28.1225 -28.1225 -28.1225 -28.1225 
Generation: 84
-28.1225 -28.1225 -28.1225 -28.1225 -28.1225 -28.1225 -28.1225 -28.1225 -28.1225 -28.1225 -28.1225 -28.1225 -28.1225 -28.1225 -28.1225 -28.1225 -28.1225 -28.1225 -28.1225 -28.1225 -28.1225 -28.1225 -28.1225 -28.1225 -28.1225 -28.1225 -28.1225 -28.1225 -28.1225 -28.1225 
Generation: 85
-28.1225 -28.1225 -28.1225 -28.1225 -28.1225 -28.1225 -28.1225 -28.1225 -28.1225 -28.1225 -28.1225 -28.1225 -28.1225 -28.1225 -28.1225 -28.1225 -28.1225 -28.1225 -28.1225 -28.1225 -28.1225 -28.1225 -28.1225 -28.1225 -28.1225 -28.1225 -28.1225 -28.1225 -28.1225 -28.1225 
Generation: 86
-28.1225 -28.1225 -28.1225 -28.1225 -28.1225 -28.1225 -28.1225 -28.1225 -28.1225 -28.1225 -28.1225 -28.1225 -28.1225 -28.1225 -28.1225 -28.1225 -28.1225 -28.1225 -28.1225 -28.1225 -28.1225 -28.1225 -28.1225 -28.1225 -28.1225 -28.1225 -28.1225 -28.1225 -28.1225 -28.1225 
Generation: 87
-28.1225 -28.1225 -28.1225 -28.1225 -28.1225 -28.1225 -28.1225 -28.1225 -28.1225 -28.1225 -28.1225 -28.1225 -28.1225 -28.1225 -28.1225 -28.1225 -28.1225 -28.1225 -28.1225 -28.1225 -28.1225 -28.1225 -28.1225 -28.1225 -28.1225 -28.1225 -28.1225 -28.1225 -28.1225 -28.1225 
Generation: 88
-28.1225 -28.1225 -28.1225 -28.1225 -28.1225 -28.1225 -28.1225 -28.1225 -28.1225 -28.1225 -28.1225 -28.1225 -28.1225 -28.1225 -28.1225 -28.1225 -28.1225 -28.1225 -28.1225 -28.1225 -28.1225 -28.1225 -28.1225 -28.1225 -28.1225 -28.1225 -28.1225 -28.1225 -28.1225 -28.1225 
Generation: 89
-28.1225 -28.1225 -28.1225 -28.1225 -28.1225 -28.1225 -28.1225 -28.1225 -28.1225 -28.1225 -28.1225 -28.1225 -28.1225 -28.1225 -28.1225 -28.1225 -28.1225 -28.1225 -28.1225 -28.1225 -28.1225 -28.1225 -28.1225 -28.1225 -28.1225 -28.1225 -28.1225 -28.1225 -28.1225 -28.1225 
Generation: 90
-28.1225 -28.1225 -28.1225 -28.1225 -28.1225 -28.1225 -28.1225 -28.1225 -28.1225 -28.1225 -28.1225 -28.1225 -28.1225 -28.1225 -28.1225 -28.1225 -28.1225 -28.1225 -28.1225 -28.1225 -28.1225 -28.1225 -28.1225 -28.1225 -28.1225 -28.1225 -28.1225 -28.1225 -28.1225 -28.1225 
Generation: 91
-28.1225 -28.1225 -28.1225 -28.1225 -28.1225 -28.1225 -28.1225 -28.1225 -28.1225 -28.1225 -28.1225 -28.1225 -28.1225 -28.1225 -28.1225 -28.1225 -28.1225 -28.1225 -28.1225 -28.1225 -28.1225 -28.1225 -28.1225 -28.1225 -28.1225 -28.1225 -28.1225 -28.1225 -28.1225 -28.1225 
Generation: 92
-28.1225 -28.1225 -28.1225 -28.1225 -28.1225 -28.1225 -28.1225 -28.1225 -28.1225 -28.1225 -28.1225 -28.1225 -28.1225 -28.1225 -28.1225 -28.1225 -28.1225 -28.1225 -28.1225 -28.1225 -28.1225 -28.1225 -28.1225 -28.1225 -28.1225 -28.1225 -28.1225 -28.1225 -28.1225 -28.1225 
Generation: 93
-28.1225 -28.1225 -28.1225 -28.1225 -28.1225 -28.1225 -28.1225 -28.1225 -28.1225 -28.1225 -28.1225 -28.1225 -28.1225 -28.1225 -28.1225 -28.1225 -28.1225 -28.1225 -28.1225 -28.1225 -28.1225 -28.1225 -28.1225 -28.1225 -28.1225 -28.1225 -28.1225 -28.1225 -28.1225 -28.1225 
Generation: 94
-28.1225 -28.1225 -28.1225 -28.1225 -28.1225 -28.1225 -28.1225 -28.1225 -28.1225 -28.1225 -28.1225 -28.1225 -28.1225 -28.1225 -28.1225 -28.1225 -28.1225 -28.1225 -28.1225 -28.1225 -28.1225 -28.1225 -28.1225 -28.1225 -28.1225 -28.1225 -28.1225 -28.1225 -28.1225 -28.1225 
Generation: 95
-28.1225 -28.1225 -28.1225 -28.1225 -28.1225 -28.1225 -28.1225 -28.1225 -28.1225 -28.1225 -28.1225 -28.1225 -28.1225 -28.1225 -28.1225 -28.1225 -28.1225 -28.1225 -28.1225 -28.1225 -28.1225 -28.1225 -28.1225 -28.1225 -28.1225 -28.1225 -28.1225 -28.1225 -28.1225 -28.1225 
Generation: 96
-28.1225 -28.1225 -28.1225 -28.1225 -28.1225 -28.1225 -28.1225 -28.1225 -28.1225 -28.1225 -28.1225 -28.1225 -28.1225 -28.1225 -28.1225 -28.1225 -28.1225 -28.1225 -28.1225 -28.1225 -28.1225 -28.1225 -28.1225 -28.1225 -28.1225 -28.1225 -28.1225 -28.1225 -28.1225 -28.1225 
Generation: 97
-28.1225 -28.1225 -28.1225 -28.1225 -28.1225 -28.1225 -28.1225 -28.1225 -28.1225 -28.1225 -28.1225 -28.1225 -28.1225 -28.1225 -28.1225 -28.1225 -28.1225 -28.1225 -28.1225 -28.1225 -28.1225 -28.1225 -28.1225 -28.1225 -28.1225 -28.1225 -28.1225 -28.1225 -28.1225 -28.1225 
Generation: 98
-28.1225 -28.1225 -28.1225 -28.1225 -28.1225 -28.1225 -28.1225 -28.1225 -28.1225 -28.1225 -28.1225 -28.1225 -28.1225 -28.1225 -28.1225 -28.1225 -28.1225 -28.1225 -28.1225 -28.1225 -28.1225 -28.1225 -28.1225 -28.1225 -28.1225 -28.1225 -28.1225 -28.1225 -28.1225 -28.1225 
Generation: 99
-28.1225 -28.1225 -28.1225 -28.1225 -28.1225 -28.1225 -28.1225 -28.1225 -28.1225 -28.1225 -28.1225 -28.1225 -28.1225 -28.1225 -28.1225 -28.1225 -28.1225 -28.1225 -28.1225 -28.1225 -28.1225 -28.1225 -28.1225 -28.1225 -28.1225 -28.1225 -28.1225 -28.1225 -28.1225 -28.1225 
